0.000000e+00 -1.020952e-03 
1.000000e-06 -1.023433e-03 
2.000000e-06 -1.024968e-03 
4.000000e-06 -1.023433e-03 
8.000000e-06 -1.016928e-03 
1.600000e-05 -1.018494e-03 
3.200000e-05 -1.024961e-03 
6.400000e-05 -1.023430e-03 
1.280000e-04 -1.016918e-03 
2.280000e-04 -1.017021e-03 
3.280000e-04 -1.017094e-03 
4.280000e-04 -1.017175e-03 
5.280000e-04 -1.017254e-03 
6.280000e-04 -1.017332e-03 
7.280000e-04 -1.017408e-03 
8.280000e-04 -1.017483e-03 
9.280000e-04 -1.017556e-03 
1.028000e-03 -1.017628e-03 
1.128000e-03 -1.017698e-03 
1.228000e-03 -1.017767e-03 
1.328000e-03 -1.017834e-03 
1.428000e-03 -1.017900e-03 
1.528000e-03 -1.017965e-03 
1.628000e-03 -1.018028e-03 
1.728000e-03 -1.018090e-03 
1.828000e-03 -1.018150e-03 
1.928000e-03 -1.018210e-03 
2.028000e-03 -1.018268e-03 
2.128000e-03 -1.018325e-03 
2.228000e-03 -1.018381e-03 
2.328000e-03 -1.018436e-03 
2.428000e-03 -1.018489e-03 
2.528000e-03 -1.018542e-03 
2.628000e-03 -1.018593e-03 
2.728000e-03 -1.018643e-03 
2.828000e-03 -1.018693e-03 
2.928000e-03 -1.018741e-03 
3.028000e-03 -1.018788e-03 
3.128000e-03 -1.018835e-03 
3.228000e-03 -1.018880e-03 
3.328000e-03 -1.018925e-03 
3.428000e-03 -1.018968e-03 
3.528000e-03 -1.019011e-03 
3.628000e-03 -1.019053e-03 
3.728000e-03 -1.019093e-03 
3.828000e-03 -1.019134e-03 
3.928000e-03 -1.019173e-03 
4.028000e-03 -1.019211e-03 
4.128000e-03 -1.019249e-03 
4.228000e-03 -1.019286e-03 
4.328000e-03 -1.019322e-03 
4.428000e-03 -1.019357e-03 
4.528000e-03 -1.019392e-03 
4.628000e-03 -1.019426e-03 
4.728000e-03 -1.019459e-03 
4.828000e-03 -1.019492e-03 
4.928000e-03 -1.019524e-03 
5.028000e-03 -1.019555e-03 
5.128000e-03 -1.019586e-03 
5.228000e-03 -1.019615e-03 
5.328000e-03 -1.019645e-03 
5.428000e-03 -1.019674e-03 
5.528000e-03 -1.019702e-03 
5.628000e-03 -1.019729e-03 
5.728000e-03 -1.019756e-03 
5.828000e-03 -1.019783e-03 
5.928000e-03 -1.019809e-03 
6.028000e-03 -1.019834e-03 
6.128000e-03 -1.019859e-03 
6.228000e-03 -1.019883e-03 
6.328000e-03 -1.019907e-03 
6.428000e-03 -1.019931e-03 
6.528000e-03 -1.019954e-03 
6.628000e-03 -1.019976e-03 
6.728000e-03 -1.019998e-03 
6.828000e-03 -1.020019e-03 
6.928000e-03 -1.020041e-03 
7.028000e-03 -1.020061e-03 
7.128000e-03 -1.020081e-03 
7.228000e-03 -1.020101e-03 
7.328000e-03 -1.020121e-03 
7.428000e-03 -1.020140e-03 
7.528000e-03 -1.020158e-03 
7.628000e-03 -1.020176e-03 
7.728000e-03 -1.020194e-03 
7.828000e-03 -1.020212e-03 
7.928000e-03 -1.020229e-03 
8.028000e-03 -1.020246e-03 
8.128000e-03 -1.020262e-03 
8.228000e-03 -1.020278e-03 
8.328000e-03 -1.020294e-03 
8.428000e-03 -1.020309e-03 
8.528000e-03 -1.020325e-03 
8.628000e-03 -1.020339e-03 
8.728000e-03 -1.020354e-03 
8.828000e-03 -1.020368e-03 
8.928000e-03 -1.020382e-03 
9.028000e-03 -1.020396e-03 
9.128000e-03 -1.020409e-03 
9.228000e-03 -1.020422e-03 
9.328000e-03 -1.020435e-03 
9.428000e-03 -1.020447e-03 
9.528000e-03 -1.020460e-03 
9.628000e-03 -1.020472e-03 
9.728000e-03 -1.020483e-03 
9.828000e-03 -1.020495e-03 
9.928000e-03 -1.020506e-03 
1.002800e-02 -1.020517e-03 
1.012800e-02 -1.020528e-03 
1.022800e-02 -1.020539e-03 
1.032800e-02 -1.020549e-03 
1.042800e-02 -1.020559e-03 
1.052800e-02 -1.020569e-03 
1.062800e-02 -1.020579e-03 
1.072800e-02 -1.020589e-03 
1.082800e-02 -1.020598e-03 
1.092800e-02 -1.020607e-03 
1.102800e-02 -1.020616e-03 
1.112800e-02 -1.020625e-03 
1.122800e-02 -1.020634e-03 
1.132800e-02 -1.020642e-03 
1.142800e-02 -1.020651e-03 
1.152800e-02 -1.020659e-03 
1.162800e-02 -1.020667e-03 
1.172800e-02 -1.020674e-03 
1.182800e-02 -1.020682e-03 
1.192800e-02 -1.020690e-03 
1.202800e-02 -1.020697e-03 
1.212800e-02 -1.020704e-03 
1.222800e-02 -1.020711e-03 
1.232800e-02 -1.020718e-03 
1.242800e-02 -1.020725e-03 
1.252800e-02 -1.020731e-03 
1.262800e-02 -1.020738e-03 
1.272800e-02 -1.020744e-03 
1.282800e-02 -1.020750e-03 
1.292800e-02 -1.020756e-03 
1.302800e-02 -1.020762e-03 
1.312800e-02 -1.020768e-03 
1.322800e-02 -1.020774e-03 
1.332800e-02 -1.020779e-03 
1.342800e-02 -1.020785e-03 
1.352800e-02 -1.020790e-03 
1.362800e-02 -1.020795e-03 
1.372800e-02 -1.020801e-03 
1.382800e-02 -1.020806e-03 
1.392800e-02 -1.020811e-03 
1.402800e-02 -1.020815e-03 
1.412800e-02 -1.020820e-03 
1.422800e-02 -1.020825e-03 
1.432800e-02 -1.020829e-03 
1.442800e-02 -1.020834e-03 
1.452800e-02 -1.020838e-03 
1.462800e-02 -1.020842e-03 
1.472800e-02 -1.020847e-03 
1.482800e-02 -1.020851e-03 
1.492800e-02 -1.020855e-03 
1.502800e-02 -1.020859e-03 
1.512800e-02 -1.020862e-03 
1.522800e-02 -1.020866e-03 
1.532800e-02 -1.020870e-03 
1.542800e-02 -1.020873e-03 
1.552800e-02 -1.020877e-03 
1.562800e-02 -1.020880e-03 
1.572800e-02 -1.020884e-03 
1.582800e-02 -1.020887e-03 
1.592800e-02 -1.020891e-03 
1.602800e-02 -1.020894e-03 
1.612800e-02 -1.020897e-03 
1.622800e-02 -1.020900e-03 
1.632800e-02 -1.020903e-03 
1.642800e-02 -1.020906e-03 
1.652800e-02 -1.020909e-03 
1.662800e-02 -1.020911e-03 
1.672800e-02 -1.020914e-03 
1.682800e-02 -1.020917e-03 
1.692800e-02 -1.020920e-03 
1.702800e-02 -1.020922e-03 
1.712800e-02 -1.020925e-03 
1.722800e-02 -1.020927e-03 
1.732800e-02 -1.020930e-03 
1.742800e-02 -1.020932e-03 
1.752800e-02 -1.020934e-03 
1.762800e-02 -1.020937e-03 
1.772800e-02 -1.020939e-03 
1.782800e-02 -1.020941e-03 
1.792800e-02 -1.020943e-03 
1.802800e-02 -1.020945e-03 
1.812800e-02 -1.020947e-03 
1.822800e-02 -1.020949e-03 
1.832800e-02 -1.020951e-03 
1.842800e-02 -1.020953e-03 
1.852800e-02 -1.020955e-03 
1.862800e-02 -1.020957e-03 
1.872800e-02 -1.020959e-03 
1.882800e-02 -1.020961e-03 
1.892800e-02 -1.020963e-03 
1.902800e-02 -1.020964e-03 
1.912800e-02 -1.020966e-03 
1.922800e-02 -1.020968e-03 
1.932800e-02 -1.020969e-03 
1.942800e-02 -1.020971e-03 
1.952800e-02 -1.020972e-03 
1.962800e-02 -1.020974e-03 
1.972800e-02 -1.020975e-03 
1.982800e-02 -1.020977e-03 
1.992800e-02 -1.020978e-03 
2.000000e-02 -1.024970e-03 
